$ 1 0.000005 10.20027730826997 50 5 50 5e-11
162 48 144 48 208 2 default-led 1 0 0 0.01
162 128 144 128 208 2 default-led 1 0 0 0.01
r 224 -80 448 -80 0 150
v 224 -80 160 -80 0 0 40 5 0 0 0.5
w 160 -80 80 -80 0
s 80 48 128 48 0 1 false
s 0 48 48 48 0 1 false
s 160 48 208 48 0 1 false
s 0 96 48 96 0 1 false
s 80 96 128 96 0 1 false
s 160 96 208 96 0 1 false
s 160 144 208 144 0 1 false
s 80 144 128 144 0 1 false
s 0 144 48 144 0 1 false
w 48 48 48 96 0
w 48 96 48 144 0
w 128 48 128 96 0
w 128 96 128 144 0
w 208 48 208 96 0
w 208 96 208 144 0
w 208 208 448 -80 0
w 128 208 48 208 0
w 208 208 128 208 0
w 80 48 80 0 0
w 160 48 160 0 0
162 208 144 208 208 2 default-led 1 0 0 0.01
162 -80 96 0 96 2 default-led 1 0 0 0.01
162 -80 144 0 144 2 default-led 1 0 0 0.01
162 -80 48 0 48 2 default-led 1 0 0 0.01
g 448 -80 448 -16 0 0
w -80 96 -80 48 0
w 80 0 80 -80 0
d 0 48 0 96 2 default
d 0 96 0 144 2 default
w -80 144 -80 96 0
d 80 96 80 144 2 default
d 80 48 80 96 2 default
d 160 48 160 96 2 default
d 160 96 160 144 2 default
w 0 48 0 0 0
w 0 0 80 0 0
w 80 0 160 0 0
v -80 -32 -80 48 0 0 40 5 0 0 0.5
r -144 -32 -80 -32 0 150
g -144 -32 -144 0 0 0
w 0 96 80 96 0
w 80 96 160 96 0
w 0 144 80 144 0
w 80 144 160 144 0
