$ 1 0.000005 10.20027730826997 50 5 50 5e-11
d 96 32 96 -32 2 1N4148
d 176 32 176 -32 2 default
d 256 32 256 -32 2 default
162 256 -32 256 -96 2 default-led 1 0 0 0.01
w 256 -96 336 -96 0
g 336 -96 336 -48 0 0
s 96 80 96 32 0 1 false
s 176 80 176 32 0 1 false
s 256 80 256 32 0 1 false
w 96 80 176 80 0
w 176 80 256 80 0
w 256 80 304 80 0
162 400 80 304 80 2 default-led 1 0 0 0.01
162 176 -32 176 -96 2 default-led 1 0 0 0.01
162 96 -32 96 -96 2 default-led 1 0 0 0.001
w 96 -96 176 -96 0
w 176 -96 256 -96 0
162 400 240 304 240 2 default-led 1 0 0 0.01
w 256 240 304 240 0
w 176 240 256 240 0
w 96 240 176 240 0
s 256 240 256 192 0 1 false
s 176 240 176 192 0 1 false
s 96 240 96 192 0 1 false
d 256 192 256 128 2 default
d 176 192 176 128 2 default
d 96 192 96 128 2 1N4148
w 32 -32 32 128 0
w 128 -32 128 128 0
w 208 -32 208 128 0
w 32 128 96 128 0
w 128 128 176 128 0
w 208 128 256 128 0
w 208 -32 256 -32 0
w 128 -32 176 -32 0
w 32 -32 96 -32 0
w 400 80 400 240 0
w 400 240 400 400 0
d 96 352 96 288 2 1N4148
d 176 352 176 288 2 default
d 256 352 256 288 2 default
s 96 400 96 352 0 1 false
s 176 400 176 352 0 1 false
s 256 400 256 352 0 1 false
w 96 400 176 400 0
w 176 400 256 400 0
w 256 400 304 400 0
162 400 400 304 400 2 default-led 1 0 0 0.01
v 464 400 400 400 0 0 40 6 0 0 0.5
g 464 400 464 448 0 0
w 32 128 32 288 0
w 128 128 128 288 0
w 208 128 208 288 0
w 208 288 256 288 0
w 128 288 176 288 0
w 32 288 96 288 0
